1 0.506048 0.463037 0.507392 0.460014 0.516466 0.454973 0.518145 0.448925 0.521169 0.447581 0.530242 0.437164 0.539650 0.431452 0.544019 0.426075 0.549731 0.423723 0.552755 0.418683 0.556452 0.418347 0.561492 0.409273 0.582997 0.390794 0.585686 0.386761 0.592406 0.383736 0.599463 0.377352 0.604503 0.369959 0.612231 0.362567 0.614919 0.360216 0.618952 0.360216 0.624328 0.353831 0.624328 0.351478 0.611223 0.346102 0.607191 0.346773 0.603495 0.349463 0.600806 0.354839 0.594422 0.356855 0.590053 0.363239 0.586022 0.365591 0.584678 0.369287 0.582325 0.370967 0.568884 0.372648 0.563844 0.369287 0.564852 0.364919 0.560820 0.365255 0.558803 0.371639 0.549059 0.375672 0.544691 0.384072 0.533266 0.388777 0.525873 0.399866 0.521505 0.401881 0.514448 0.407930 0.513441 0.412298 0.505713 0.412970 0.503697 0.420027 0.508064 0.428091 0.503023 0.431452 0.500672 0.442877 0.498656 0.463037 0.500336 0.466398 0.501680 0.466734 0.506048 0.463037
1 0.497984 0.496303 0.498992 0.484880 0.501680 0.478495 0.501680 0.473119 0.497984 0.470766 0.493616 0.485216 0.492608 0.501680 0.493952 0.503023 0.495967 0.501680 0.497984 0.496303
1 0.497984 0.462702 0.497984 0.469758 0.500336 0.466734 0.497984 0.462702
1 0.381384 0.630377 0.381384 0.639112 0.376680 0.646169 0.376680 0.650202 0.380713 0.654234 0.384409 0.652889 0.390794 0.646169 0.392809 0.638441 0.394825 0.636089 0.403562 0.632728 0.410283 0.632728 0.414986 0.638441 0.418347 0.639784 0.424731 0.646169 0.431452 0.648522 0.434139 0.647514 0.439852 0.642473 0.437500 0.638441 0.436828 0.631720 0.440861 0.629705 0.445564 0.631720 0.448253 0.631384 0.453966 0.622984 0.453966 0.618952 0.448589 0.615928 0.448589 0.613911 0.454302 0.602822 0.455981 0.591398 0.464045 0.586358 0.469422 0.586358 0.470766 0.594086 0.474127 0.593750 0.478159 0.591398 0.483870 0.592742 0.486895 0.592070 0.489247 0.584341 0.488239 0.576612 0.488911 0.563844 0.491600 0.557795 0.497984 0.550739 0.498992 0.544355 0.497648 0.542339 0.492944 0.541667 0.482527 0.547044 0.478495 0.535619 0.469086 0.547716 0.456989 0.558467 0.443548 0.566869 0.432123 0.575941 0.427083 0.577956 0.423052 0.581317 0.396169 0.593414 0.384745 0.595766 0.375336 0.599463 0.373320 0.605511 0.372984 0.619287 0.374328 0.622648 0.380041 0.627016 0.381384 0.630377
1 0.493616 0.513105 0.492272 0.510081 0.489919 0.508736 0.486223 0.514112 0.489725 0.519113 0.490255 0.525202 0.492608 0.520833 0.493616 0.513105
1 0.508736 0.521505 0.505713 0.518145 0.504033 0.522514 0.503697 0.525537 0.506048 0.527889 0.508400 0.525202 0.508736 0.521505
2 0.372984 0.657930 0.372623 0.656570 0.370752 0.653861 0.368105 0.654698 0.366103 0.656506 0.365005 0.654119 0.360887 0.657930 0.369623 0.660955 0.372984 0.657930
1 0.650202 0.319556 0.650873 0.318548 0.650202 0.314180 0.642473 0.311492 0.634745 0.311156 0.626680 0.315188 0.626680 0.320900 0.629369 0.321909 0.634409 0.319892 0.650202 0.319556
1 0.639112 0.333333 0.639448 0.332997 0.642473 0.332997 0.644153 0.331653 0.644489 0.331653 0.644489 0.331317 0.645497 0.330309 0.647514 0.325941 0.646841 0.325605 0.644825 0.325605 0.644489 0.325941 0.640456 0.326277 0.640120 0.326613 0.638777 0.326613 0.637769 0.327620 0.637097 0.328966 0.637097 0.330645 0.638441 0.333333 0.639112 0.333333
2 0.514870 0.406956 0.520041 0.402455 0.525294 0.399473 0.533011 0.388480 0.544422 0.383566 0.548908 0.375142 0.558436 0.370752 0.559812 0.364583 0.566052 0.364781 0.564427 0.369173 0.569006 0.372200 0.579789 0.371019 0.586991 0.364134 0.594708 0.356247 0.600580 0.354770 0.604503 0.347783 0.608198 0.345430 0.606519 0.339717 0.596102 0.332997 0.588037 0.332325 0.584005 0.329973 0.579302 0.331653 0.569220 0.328294 0.560820 0.327620 0.552755 0.329637 0.552419 0.332325 0.547044 0.340389 0.545362 0.346438 0.540659 0.349127 0.542339 0.352822 0.541331 0.356183 0.534947 0.359206 0.531586 0.364919 0.528227 0.366600 0.525537 0.370967 0.513105 0.381720 0.511417 0.385087 0.508064 0.388441 0.505377 0.397178 0.505041 0.412970 0.507383 0.412542 0.513209 0.411497 0.514870 0.406956
0 0.360552 0.656922 0.365591 0.659947 0.371303 0.661291 0.376680 0.670027 0.384409 0.676747 0.393817 0.681116 0.400537 0.687164 0.428428 0.697581 0.455645 0.711358 0.467742 0.715389 0.486559 0.727822 0.505713 0.732191 0.517138 0.730175 0.526545 0.724127 0.538306 0.710014 0.555780 0.674395 0.574036 0.650089 0.581317 0.643481 0.598455 0.613575 0.606183 0.588037 0.607527 0.572245 0.613911 0.551411 0.618616 0.526881 0.630377 0.521169 0.633736 0.516466 0.645497 0.505377 0.656250 0.490928 0.674731 0.459005 0.681452 0.443213 0.685148 0.429772 0.704302 0.415659 0.716398 0.412634 0.719086 0.409611 0.732191 0.404234 0.740255 0.398522 0.751344 0.384745 0.752016 0.375672 0.749664 0.368952 0.732527 0.338037 0.723455 0.332661 0.709005 0.313508 0.694892 0.305108 0.684812 0.294691 0.609206 0.257728 0.594086 0.253361 0.571909 0.241600 0.555108 0.228495 0.537298 0.218414 0.513777 0.211022 0.496977 0.209341 0.485216 0.209005 0.467070 0.211694 0.461022 0.214381 0.450605 0.222447 0.444892 0.232191 0.443548 0.264784 0.445900 0.286963 0.445564 0.309980 0.443213 0.325605 0.439516 0.337702 0.440188 0.358870 0.436828 0.377352 0.424731 0.408602 0.421370 0.428764 0.415659 0.439516 0.407594 0.463373 0.406586 0.470430 0.398522 0.486559 0.396505 0.497648 0.385417 0.510417 0.380041 0.525202 0.376344 0.530242 0.362231 0.560148 0.355847 0.576948 0.338709 0.610888 0.335686 0.619623 0.335014 0.622984 0.336022 0.626680 0.348119 0.645161 0.360552 0.656922
