1 0.048723 0.442541 0.057459 0.443548 0.059477 0.441533 0.061828 0.435484 0.061156 0.431116 0.057123 0.427083 0.049059 0.425403 0.046875 0.425403 0.044691 0.425403 0.042339 0.427419 0.043683 0.435484 0.048723 0.442541
1 0.536963 0.538642 0.518817 0.540659 0.505713 0.544691 0.493280 0.555444 0.474798 0.560148 0.471102 0.562164 0.465727 0.562836 0.459678 0.562164 0.454302 0.559477 0.439180 0.558131 0.434477 0.556452 0.432123 0.558467 0.430444 0.562164 0.427419 0.564516 0.433803 0.569556 0.435484 0.574261 0.438844 0.575941 0.442205 0.573925 0.444556 0.574261 0.454638 0.584005 0.455309 0.591734 0.449597 0.595430 0.449597 0.596773 0.450941 0.597111 0.452956 0.600134 0.450941 0.601142 0.448925 0.600134 0.448589 0.598119 0.447245 0.597783 0.446572 0.598791 0.446572 0.600806 0.450941 0.604839 0.456989 0.598455 0.461358 0.596438 0.467406 0.595430 0.475470 0.588709 0.478159 0.584678 0.485888 0.587030 0.503697 0.596102 0.513441 0.596102 0.517473 0.592742 0.532258 0.591734 0.536963 0.589381 0.548723 0.593414 0.553091 0.592742 0.555444 0.591734 0.558467 0.587702 0.557459 0.583669 0.558803 0.577956 0.560484 0.576277 0.564180 0.575269 0.572245 0.575941 0.579973 0.574261 0.585686 0.568884 0.588709 0.567877 0.591734 0.565188 0.597111 0.552755 0.595766 0.548723 0.588373 0.544691 0.582997 0.543011 0.575605 0.542675 0.566533 0.538978 0.564852 0.536627 0.563508 0.529234 0.558131 0.525202 0.556116 0.525202 0.547380 0.526881 0.543011 0.528898 0.544019 0.532930 0.536963 0.538642
1 0.427755 0.601478 0.422044 0.605847 0.420698 0.609544 0.421034 0.613575 0.422044 0.615928 0.425739 0.618952 0.427083 0.622648 0.438508 0.627016 0.442541 0.631048 0.447245 0.633400 0.458669 0.636089 0.463373 0.643145 0.470094 0.647178 0.474798 0.647178 0.479503 0.649194 0.481855 0.648186 0.493952 0.648522 0.497648 0.646505 0.500336 0.642138 0.495295 0.637433 0.489247 0.635753 0.478495 0.630713 0.474127 0.630713 0.466398 0.626344 0.458669 0.625336 0.455309 0.621977 0.447917 0.618616 0.443548 0.615255 0.444892 0.611559 0.449597 0.608198 0.459341 0.607191 0.457661 0.597111 0.454973 0.594422 0.451612 0.593750 0.450605 0.593750 0.443213 0.595094 0.435484 0.598119 0.431452 0.602150 0.427755 0.601478
1 0.487231 0.626344 0.489919 0.629369 0.490928 0.629705 0.493952 0.632728 0.495295 0.633064 0.497312 0.634409 0.497984 0.634409 0.502352 0.630041 0.503361 0.628023 0.503697 0.627016 0.503697 0.622312 0.503361 0.621303 0.501680 0.618616 0.501008 0.618280 0.495967 0.617608 0.490591 0.615928 0.490255 0.615591 0.488911 0.616264 0.487231 0.618616 0.486895 0.619959 0.487231 0.626344
1 0.558803 0.596102 0.556452 0.600806 0.552419 0.602822 0.544691 0.603159 0.536627 0.599463 0.532258 0.598791 0.527889 0.600806 0.519825 0.607191 0.517473 0.611223 0.523522 0.615255 0.525202 0.620295 0.529234 0.623992 0.533266 0.625000 0.545027 0.624664 0.550739 0.622984 0.556116 0.619623 0.561156 0.619287 0.575269 0.613911 0.583669 0.613239 0.592742 0.605847 0.601478 0.603159 0.604839 0.592070 0.602822 0.587702 0.603159 0.584005 0.598791 0.583669 0.590727 0.591398 0.592070 0.595094 0.591398 0.600134 0.588037 0.599798 0.584005 0.596773 0.579638 0.595766 0.576612 0.592070 0.576277 0.588037 0.568213 0.583669 0.566197 0.583669 0.564180 0.583669 0.562836 0.586358 0.557459 0.591398 0.558803 0.596102
1 0.507056 0.654234 0.513105 0.659947 0.516802 0.661291 0.521169 0.660619 0.532258 0.654906 0.549059 0.657258 0.552419 0.656250 0.554436 0.654234 0.554436 0.647850 0.552755 0.644825 0.544691 0.642809 0.535955 0.643145 0.529906 0.641802 0.528898 0.641802 0.521505 0.648186 0.509409 0.647514 0.506720 0.650202 0.507056 0.654234
1 0.672380 0.634745 0.673723 0.630713 0.670362 0.629705 0.669691 0.629705 0.668347 0.631720 0.668347 0.634745 0.669691 0.635417 0.672380 0.634745
1 0.361559 0.639784 0.365255 0.638105 0.366600 0.633064 0.366600 0.630377 0.365255 0.628697 0.362903 0.628697 0.359880 0.629705 0.357527 0.632728 0.357527 0.639448 0.361559 0.639784
1 0.383400 0.608534 0.389784 0.612231 0.396841 0.612567 0.406250 0.615255 0.408602 0.614919 0.412298 0.610552 0.413978 0.607191 0.413978 0.602822 0.411963 0.600134 0.404906 0.599798 0.396505 0.597447 0.393481 0.595430 0.398186 0.594086 0.399866 0.591398 0.396169 0.589717 0.393817 0.591398 0.393817 0.594422 0.392473 0.595094 0.381048 0.589381 0.380713 0.589045 0.376344 0.591734 0.381720 0.599127 0.381720 0.605511 0.383400 0.608534
1 0.436828 0.458333 0.441869 0.463037 0.450605 0.460350 0.453630 0.454973 0.452956 0.451612 0.450941 0.449597 0.443884 0.447917 0.443213 0.447917 0.434812 0.449261 0.432459 0.453966 0.433803 0.456989 0.436828 0.458333
2 0.554100 0.418683 0.551411 0.424395 0.548723 0.427419 0.548723 0.431787 0.545362 0.432123 0.543683 0.434812 0.529234 0.436828 0.525873 0.442877 0.521505 0.446909 0.518481 0.447917 0.513441 0.446909 0.510417 0.449597 0.506048 0.450941 0.497648 0.460686 0.495295 0.467070 0.489247 0.472783 0.481855 0.477822 0.479839 0.481519 0.474798 0.486223 0.471773 0.494287 0.470430 0.495631 0.466734 0.495631 0.466398 0.498320 0.470766 0.499328 0.472111 0.501344 0.470766 0.505377 0.471102 0.510417 0.469758 0.513441 0.474798 0.516130 0.476814 0.521841 0.479503 0.525202 0.478831 0.536963 0.479839 0.546034 0.478831 0.548388 0.478495 0.556787 0.483198 0.557459 0.491264 0.554772 0.504033 0.548388 0.507728 0.544691 0.519825 0.540322 0.529234 0.539650 0.538306 0.536963 0.544691 0.531922 0.548052 0.526881 0.552419 0.525202 0.554772 0.521841 0.554772 0.517473 0.549059 0.513441 0.559139 0.505041 0.565523 0.501680 0.588037 0.499328 0.592070 0.497312 0.595766 0.489919 0.596102 0.485552 0.594086 0.477150 0.589717 0.470094 0.587702 0.461694 0.584678 0.458669 0.584341 0.456989 0.585014 0.448253 0.587702 0.443213 0.587030 0.439180 0.584005 0.435484 0.582997 0.419355 0.573253 0.410955 0.568548 0.409273 0.566533 0.409273 0.561492 0.410283 0.558803 0.412970 0.558131 0.415995 0.554100 0.418683
0 0.470094 0.389784 0.465053 0.392137 0.460686 0.395833 0.437500 0.422380 0.419355 0.451277 0.415322 0.466734 0.411963 0.474798 0.409947 0.499328 0.410283 0.506384 0.414650 0.521505 0.413642 0.524194 0.406250 0.527553 0.387433 0.527553 0.379705 0.528898 0.372312 0.532594 0.362903 0.539650 0.357191 0.541331 0.353831 0.544691 0.351814 0.549731 0.345766 0.557795 0.338709 0.571909 0.335686 0.590389 0.335014 0.611559 0.336694 0.618952 0.336358 0.631720 0.337366 0.637433 0.342406 0.650202 0.343414 0.658266 0.345094 0.662298 0.349798 0.668683 0.353159 0.678091 0.357527 0.682123 0.359880 0.687836 0.366936 0.696236 0.379369 0.705981 0.383736 0.710686 0.394153 0.718414 0.409611 0.726478 0.420027 0.734206 0.427755 0.737903 0.430780 0.740928 0.463709 0.753361 0.478495 0.761425 0.498320 0.766130 0.508400 0.771169 0.513441 0.772514 0.541667 0.772178 0.545027 0.772850 0.549059 0.775537 0.552755 0.774866 0.556452 0.771841 0.575605 0.769825 0.590727 0.765456 0.599798 0.762433 0.622984 0.752016 0.630713 0.744959 0.640794 0.740255 0.656250 0.724463 0.659947 0.716062 0.664650 0.708669 0.666331 0.703294 0.673052 0.693213 0.675067 0.685148 0.680780 0.654234 0.679100 0.650202 0.678428 0.638441 0.680780 0.630713 0.680780 0.626680 0.685484 0.611895 0.685148 0.594758 0.683803 0.576948 0.682459 0.571572 0.682123 0.555444 0.678764 0.544019 0.675403 0.536963 0.670698 0.501680 0.660283 0.477150 0.655578 0.471102 0.646169 0.451277 0.635417 0.432123 0.630713 0.417003 0.627016 0.409947 0.619623 0.400537 0.616600 0.398522 0.610888 0.391802 0.598119 0.380377 0.588037 0.372984 0.583669 0.370631 0.568548 0.367944 0.560820 0.364583 0.536963 0.360887 0.534947 0.360887 0.513441 0.364919 0.501344 0.370295 0.490928 0.372984 0.470094 0.389784
