1 0.399866 0.531586 0.395833 0.541331 0.394825 0.547380 0.393145 0.550403 0.389784 0.553091 0.388441 0.556116 0.388441 0.564852 0.390120 0.567877 0.389448 0.574261 0.394825 0.579638 0.398522 0.591398 0.402889 0.598455 0.404234 0.604839 0.411963 0.609544 0.424395 0.622312 0.431452 0.633736 0.436828 0.636089 0.439180 0.638441 0.441197 0.649194 0.446236 0.654570 0.449261 0.665995 0.453294 0.673052 0.452620 0.677755 0.454973 0.685484 0.457325 0.688844 0.459341 0.695564 0.465727 0.703966 0.467742 0.713373 0.475470 0.723791 0.482191 0.737567 0.485552 0.741264 0.489247 0.741264 0.491264 0.739583 0.493616 0.729503 0.493280 0.725134 0.491264 0.720430 0.493280 0.713709 0.492944 0.709341 0.490591 0.705645 0.481855 0.702956 0.475134 0.692877 0.474127 0.689180 0.469758 0.685148 0.468750 0.681116 0.470094 0.673723 0.465053 0.666331 0.464381 0.657594 0.465389 0.655578 0.466398 0.654570 0.469758 0.655242 0.473119 0.657930 0.480175 0.670027 0.480511 0.677755 0.481855 0.682123 0.488911 0.689180 0.490928 0.692877 0.489919 0.697245 0.493545 0.700237 0.498245 0.700552 0.502527 0.695855 0.503048 0.686462 0.501483 0.682289 0.498656 0.673388 0.492944 0.666331 0.489583 0.658266 0.486223 0.653227 0.483870 0.650202 0.475806 0.645161 0.469086 0.638441 0.462702 0.627352 0.456989 0.622984 0.461694 0.611559 0.459678 0.601142 0.457325 0.595766 0.447581 0.592742 0.443213 0.592742 0.435148 0.585014 0.433467 0.575941 0.426747 0.563844 0.425403 0.552419 0.426747 0.549395 0.436492 0.537634 0.438172 0.532930 0.438508 0.527889 0.437836 0.524530 0.433131 0.517473 0.430108 0.515456 0.427923 0.515456 0.419355 0.516802 0.410955 0.525537 0.402889 0.528562 0.399866 0.531586
1 0.501344 0.719086 0.506048 0.717742 0.508064 0.714381 0.505713 0.704302 0.502688 0.702620 0.501344 0.702620 0.497648 0.703966 0.495295 0.708333 0.496977 0.716398 0.501344 0.719086
1 0.451612 0.539650 0.443213 0.540659 0.440188 0.546370 0.437836 0.556787 0.441869 0.563172 0.443884 0.578294 0.446909 0.582325 0.450941 0.582325 0.454973 0.584005 0.461022 0.581317 0.471773 0.581989 0.478495 0.580645 0.480175 0.576277 0.480847 0.567205 0.485216 0.556787 0.485888 0.550739 0.484544 0.542003 0.478159 0.521169 0.476814 0.521169 0.474463 0.521505 0.468750 0.529234 0.457997 0.534611 0.451612 0.539650
1 0.469066 0.594166 0.469836 0.596478 0.470073 0.599206 0.469363 0.602469 0.466692 0.602112 0.465089 0.602705 0.464259 0.604425 0.465505 0.606797 0.467227 0.607094 0.468078 0.606855 0.468750 0.608198 0.470094 0.609544 0.473455 0.610888 0.475134 0.610888 0.478619 0.610772 0.481855 0.609206 0.483198 0.607527 0.483534 0.602822 0.480847 0.594422 0.479503 0.593078 0.474798 0.590389 0.473119 0.590389 0.472783 0.590727 0.470766 0.590727 0.469758 0.591398 0.469066 0.594166
1 0.474127 0.634072 0.482191 0.638441 0.491583 0.639233 0.493166 0.637420 0.491264 0.631384 0.487903 0.627016 0.484544 0.618616 0.482191 0.616264 0.480342 0.616264 0.474127 0.618616 0.471102 0.621639 0.471102 0.631048 0.474127 0.634072
2 0.496303 0.735888 0.496639 0.738239 0.501008 0.743952 0.501008 0.747984 0.505713 0.747312 0.511089 0.743952 0.513441 0.735552 0.512769 0.732191 0.509745 0.727822 0.508064 0.727822 0.505377 0.728495 0.502016 0.734544 0.497648 0.734544 0.496303 0.735888
1 0.419691 0.443213 0.415322 0.444556 0.407930 0.439516 0.405914 0.441197 0.404906 0.443213 0.404906 0.450941 0.408161 0.458620 0.412825 0.458063 0.413942 0.453361 0.415019 0.452405 0.416294 0.454517 0.415577 0.458620 0.414141 0.460612 0.413642 0.466398 0.415659 0.470430 0.419691 0.472447 0.424395 0.467070 0.424395 0.454302 0.428428 0.450269 0.429772 0.446236 0.430444 0.433803 0.429772 0.431452 0.427755 0.430108 0.427419 0.430108 0.425067 0.431452 0.422380 0.434812 0.421370 0.439852 0.419691 0.443213
1 0.402889 0.510753 0.411963 0.510417 0.418011 0.507728 0.421034 0.504705 0.422044 0.489919 0.420027 0.483870 0.417003 0.480175 0.412298 0.478495 0.406250 0.478159 0.403227 0.478159 0.401209 0.480847 0.399866 0.485552 0.398858 0.509409 0.402889 0.510753
1 0.437836 0.510417 0.443213 0.509409 0.444556 0.503697 0.443884 0.494287 0.439516 0.490255 0.438844 0.490255 0.430780 0.496303 0.427755 0.505377 0.428091 0.510081 0.437836 0.510417
1 0.453294 0.498320 0.450605 0.505041 0.450605 0.507728 0.451277 0.511425 0.452620 0.512097 0.455309 0.512097 0.458333 0.513105 0.460686 0.512097 0.462702 0.509409 0.462030 0.505713 0.462366 0.505377 0.462030 0.490591 0.461694 0.489919 0.459005 0.488911 0.458669 0.488911 0.455309 0.489919 0.453630 0.491936 0.452620 0.493952 0.453294 0.498320
1 0.447245 0.470430 0.446909 0.477822 0.445564 0.482191 0.447245 0.483534 0.452284 0.484206 0.454973 0.483534 0.457325 0.481183 0.458669 0.478159 0.458669 0.471773 0.456989 0.463373 0.454302 0.457325 0.452620 0.454638 0.447245 0.449597 0.444892 0.449597 0.442541 0.450605 0.441869 0.455645 0.444220 0.460686 0.447245 0.470430
0 0.384409 0.392809 0.382728 0.407594 0.383400 0.419691 0.393817 0.450941 0.396841 0.471438 0.398858 0.478159 0.398858 0.493952 0.397850 0.501008 0.394825 0.511089 0.386761 0.527889 0.388441 0.569892 0.387433 0.580309 0.389448 0.584005 0.396505 0.590053 0.407258 0.607191 0.411627 0.609880 0.414314 0.614919 0.422380 0.621303 0.436492 0.642809 0.440861 0.653898 0.445228 0.657930 0.453294 0.687500 0.463037 0.708669 0.460686 0.716734 0.461022 0.720430 0.457325 0.727150 0.456989 0.731519 0.463037 0.743952 0.466062 0.755713 0.472447 0.763777 0.474798 0.770497 0.478495 0.814180 0.487567 0.833669 0.490591 0.847111 0.500336 0.877016 0.506384 0.880377 0.517138 0.881384 0.522514 0.876680 0.525873 0.864583 0.538306 0.838709 0.540995 0.830645 0.541667 0.821909 0.546034 0.807123 0.549731 0.802083 0.559812 0.771505 0.564180 0.765794 0.570564 0.754033 0.576948 0.739919 0.581989 0.717070 0.590053 0.697917 0.595430 0.678428 0.601478 0.634745 0.601814 0.605511 0.599463 0.593078 0.595094 0.581989 0.595766 0.546706 0.593078 0.529570 0.588037 0.517473 0.584341 0.500336 0.580645 0.489583 0.572581 0.471102 0.567541 0.462366 0.564180 0.452620 0.559812 0.446909 0.554436 0.436156 0.549731 0.431116 0.536963 0.411963 0.524866 0.404234 0.508736 0.395833 0.497984 0.388441 0.490928 0.385753 0.469422 0.371639 0.455309 0.365591 0.437164 0.361895 0.427083 0.357527 0.419691 0.356183 0.417898 0.356183 0.403562 0.356183 0.396169 0.357527 0.390120 0.365255 0.384409 0.392809
