1 0.551075 0.409947 0.542675 0.415322 0.541331 0.421370 0.543011 0.431452 0.540659 0.435484 0.535619 0.436828 0.533266 0.446909 0.527217 0.452956 0.521505 0.463709 0.517809 0.467406 0.512769 0.469422 0.509745 0.476814 0.506384 0.478831 0.502016 0.483534 0.498320 0.478495 0.494623 0.482191 0.496977 0.486223 0.490255 0.496303 0.489919 0.502352 0.484206 0.517473 0.483870 0.521841 0.478159 0.532930 0.478159 0.540995 0.474127 0.548388 0.474463 0.553091 0.476142 0.556116 0.484880 0.564180 0.493952 0.567205 0.502016 0.561492 0.517138 0.568548 0.523522 0.568884 0.535619 0.566869 0.540659 0.567877 0.544355 0.570228 0.546706 0.570228 0.553091 0.568213 0.556116 0.563844 0.557123 0.559812 0.561156 0.555780 0.572581 0.551411 0.578966 0.554772 0.591734 0.554100 0.595430 0.556787 0.599463 0.557123 0.603159 0.559477 0.607527 0.559812 0.611223 0.558467 0.613575 0.560820 0.610552 0.564180 0.614583 0.565523 0.622984 0.565188 0.627688 0.563508 0.633736 0.564852 0.638441 0.564180 0.643817 0.566197 0.648858 0.566533 0.653562 0.564852 0.662298 0.564516 0.669355 0.561492 0.678091 0.561828 0.682459 0.560484 0.684139 0.555780 0.684139 0.552083 0.682795 0.550067 0.679436 0.548723 0.680444 0.547716 0.684812 0.546034 0.687500 0.543683 0.693213 0.542003 0.698925 0.537298 0.707997 0.536963 0.709678 0.535619 0.710014 0.532594 0.705309 0.525873 0.696572 0.526545 0.689516 0.521169 0.681787 0.522850 0.680108 0.524530 0.680108 0.532930 0.677755 0.534273 0.676075 0.532930 0.675739 0.520497 0.674395 0.517473 0.669019 0.513441 0.661291 0.511761 0.657258 0.509745 0.659273 0.505041 0.665659 0.502016 0.674059 0.500000 0.681116 0.494287 0.685484 0.494959 0.691533 0.487903 0.697581 0.486895 0.704973 0.482862 0.708669 0.474798 0.709005 0.470430 0.704638 0.468414 0.700605 0.471773 0.693548 0.473455 0.681116 0.471773 0.670027 0.477822 0.661963 0.473791 0.647514 0.478831 0.643817 0.478495 0.642473 0.463373 0.636089 0.459005 0.634072 0.451612 0.634409 0.446909 0.636761 0.443548 0.634745 0.435820 0.634745 0.431452 0.630377 0.421706 0.629369 0.415322 0.625336 0.407930 0.625336 0.404570 0.623320 0.399194 0.619623 0.396169 0.615928 0.395161 0.610888 0.396505 0.603831 0.391466 0.599463 0.392137 0.595766 0.394489 0.592742 0.394489 0.588709 0.393481 0.584005 0.389784 0.583669 0.389784 0.574597 0.392137 0.564516 0.400537 0.560148 0.400873 0.551075 0.409947
1 0.696572 0.423723 0.693548 0.420027 0.692541 0.420027 0.690861 0.421034 0.690188 0.424395 0.692877 0.426411 0.696572 0.423723
1 0.728159 0.534947 0.735888 0.534611 0.735888 0.527217 0.732862 0.526881 0.732191 0.526881 0.727822 0.527217 0.725134 0.528562 0.724127 0.533602 0.728159 0.534947
1 0.606519 0.582325 0.610044 0.583630 0.611781 0.579742 0.615919 0.580983 0.610539 0.570066 0.606733 0.568906 0.600525 0.564441 0.597545 0.562869 0.595394 0.563200 0.592994 0.565930 0.596222 0.572877 0.602430 0.578170 0.606519 0.582325
2 0.559477 0.579973 0.567877 0.588037 0.571909 0.585686 0.575941 0.586694 0.578630 0.585686 0.581653 0.583669 0.584005 0.579973 0.584341 0.576612 0.587702 0.575941 0.585686 0.574933 0.585014 0.570900 0.580309 0.569556 0.579302 0.569556 0.574933 0.570564 0.571572 0.573925 0.563508 0.574597 0.559477 0.579973
1 0.632184 0.581323 0.632427 0.582414 0.633427 0.583897 0.635336 0.583806 0.636155 0.582566 0.636700 0.581414 0.636458 0.579445 0.636003 0.577477 0.635548 0.576931 0.634336 0.577022 0.633669 0.578052 0.633608 0.579688 0.632056 0.579973 0.632392 0.580309 0.632184 0.581323
1 0.643873 0.583795 0.643567 0.585020 0.642800 0.585788 0.642800 0.586706 0.643750 0.586553 0.646572 0.585941 0.647125 0.585205 0.647647 0.583089 0.647708 0.582661 0.647892 0.580606 0.646664 0.580392 0.645836 0.580361 0.645131 0.580392 0.644180 0.580698 0.644303 0.581281 0.644180 0.583212 0.643873 0.583795
1 0.652406 0.577756 0.652191 0.578616 0.652970 0.580175 0.653428 0.581598 0.654933 0.582028 0.655820 0.581867 0.656787 0.581841 0.657863 0.581867 0.657728 0.580202 0.657272 0.578831 0.657245 0.578509 0.656223 0.578375 0.655847 0.577756 0.655820 0.577245 0.654611 0.577139 0.654019 0.577005 0.653898 0.577284 0.653616 0.577327 0.652406 0.577756
1 0.655322 0.573248 0.655484 0.573731 0.655806 0.574941 0.656667 0.575773 0.657553 0.577252 0.658602 0.577284 0.659462 0.578219 0.660456 0.577653 0.660161 0.576391 0.659544 0.574672 0.659005 0.574350 0.658495 0.573328 0.657795 0.572845 0.656881 0.571797 0.655269 0.571233 0.655108 0.572173 0.655242 0.572953 0.655322 0.573248
2 0.508400 0.403898 0.505377 0.407930 0.504705 0.415995 0.506384 0.425739 0.504705 0.457661 0.501344 0.466734 0.500000 0.478159 0.501680 0.482191 0.509745 0.474463 0.510081 0.470766 0.511761 0.469086 0.518481 0.466734 0.521841 0.463373 0.526209 0.453966 0.530242 0.450941 0.535283 0.441533 0.537970 0.437836 0.541331 0.435484 0.543347 0.431452 0.542003 0.423052 0.543347 0.415995 0.548052 0.411963 0.549731 0.408938 0.552419 0.408266 0.554772 0.405242 0.557459 0.403898 0.556452 0.401209 0.553091 0.401209 0.545698 0.405578 0.533602 0.404570 0.530242 0.401545 0.530914 0.396169 0.529906 0.392473 0.525873 0.391466 0.524194 0.391466 0.515456 0.392137 0.512433 0.395833 0.509745 0.396505 0.508400 0.403898
0 0.377688 0.274866 0.372312 0.277217 0.366600 0.283266 0.361223 0.286291 0.348119 0.286963 0.336358 0.290659 0.330645 0.296034 0.325269 0.298723 0.318548 0.305780 0.311828 0.309812 0.306787 0.314852 0.300403 0.317877 0.293683 0.327284 0.287634 0.349463 0.286291 0.363575 0.286627 0.372984 0.283266 0.388441 0.283938 0.409611 0.282930 0.439516 0.284947 0.460014 0.283602 0.479839 0.279906 0.493952 0.278562 0.510081 0.279570 0.559477 0.278227 0.574933 0.278562 0.584341 0.280578 0.599798 0.283266 0.609880 0.288306 0.621977 0.289314 0.630041 0.295698 0.646505 0.299731 0.653227 0.304100 0.663978 0.314516 0.681452 0.319892 0.693548 0.324261 0.698925 0.326948 0.709005 0.337366 0.724127 0.342406 0.728495 0.344086 0.733198 0.349463 0.739247 0.353495 0.743280 0.357527 0.744623 0.361223 0.753023 0.371977 0.760417 0.384072 0.775202 0.387433 0.776545 0.389784 0.780914 0.395833 0.785283 0.405914 0.798052 0.413642 0.805108 0.418011 0.806116 0.421370 0.810148 0.429772 0.813844 0.446572 0.814516 0.454973 0.817205 0.467406 0.818548 0.470766 0.819892 0.479167 0.819892 0.492944 0.817541 0.505713 0.818884 0.510753 0.815861 0.517809 0.816197 0.524530 0.813508 0.535955 0.811828 0.549059 0.804436 0.557123 0.802083 0.591398 0.800067 0.606183 0.790322 0.618280 0.786963 0.631048 0.776881 0.639112 0.765456 0.644489 0.745631 0.652217 0.735216 0.654234 0.727150 0.658602 0.716398 0.668347 0.705981 0.678764 0.697581 0.683467 0.690523 0.688172 0.686492 0.693213 0.679436 0.707325 0.647850 0.710686 0.637433 0.713709 0.622312 0.717742 0.611559 0.720094 0.594758 0.726478 0.575605 0.732862 0.549731 0.735216 0.512433 0.728159 0.470094 0.724463 0.459678 0.718078 0.447245 0.714381 0.442541 0.702284 0.421706 0.696909 0.409947 0.690188 0.399866 0.681116 0.390794 0.675739 0.382728 0.670027 0.377688 0.658602 0.361559 0.650202 0.354839 0.639784 0.342070 0.634409 0.338037 0.626008 0.334005 0.616600 0.325941 0.606519 0.322245 0.596438 0.316869 0.588709 0.310484 0.575941 0.303428 0.562500 0.297044 0.559812 0.294691 0.554436 0.293347 0.548723 0.290322 0.535283 0.286963 0.523522 0.286291 0.512769 0.284273 0.502688 0.280242 0.496977 0.280914 0.494287 0.279570 0.490255 0.279570 0.482527 0.281250 0.478159 0.280578 0.470094 0.275202 0.443213 0.267809 0.434812 0.262769 0.414986 0.260081 0.411963 0.260081 0.408266 0.263777 0.399866 0.264448 0.381048 0.271841 0.377688 0.274866
