1 0.267473 0.453966 0.271841 0.450941 0.268145 0.427419 0.268481 0.419019 0.272514 0.410619 0.275537 0.398858 0.279234 0.392809 0.279234 0.388441 0.289650 0.368616 0.290322 0.364247 0.288642 0.361223 0.285283 0.361895 0.276209 0.371977 0.273186 0.381048 0.267809 0.388105 0.266802 0.392137 0.267809 0.398858 0.262097 0.406922 0.260081 0.413978 0.260081 0.431452 0.258064 0.440188 0.262433 0.451948 0.267473 0.453966
1 0.270161 0.464717 0.266802 0.463373 0.263441 0.469086 0.263777 0.471773 0.269489 0.472447 0.271169 0.470430 0.270161 0.464717
1 0.273186 0.513441 0.274866 0.536963 0.278227 0.543178 0.277553 0.563508 0.279906 0.569220 0.287298 0.573925 0.293347 0.582661 0.298723 0.584005 0.298723 0.576612 0.296370 0.572245 0.292003 0.568884 0.286627 0.553091 0.288306 0.545475 0.287970 0.540659 0.285619 0.535955 0.289314 0.528562 0.291331 0.506720 0.287970 0.501344 0.289650 0.493616 0.285619 0.486223 0.285283 0.479167 0.287298 0.469086 0.282930 0.454302 0.278227 0.456989 0.275873 0.466062 0.272850 0.469422 0.275537 0.475134 0.277889 0.488575 0.278562 0.504369 0.273186 0.513441
1 0.297044 0.610552 0.298723 0.615255 0.308131 0.615591 0.310820 0.620967 0.314180 0.624328 0.314516 0.613239 0.303764 0.591398 0.301747 0.590053 0.298387 0.591734 0.294691 0.602150 0.291667 0.603159 0.292675 0.606855 0.297044 0.610552
1 0.316533 0.645497 0.316533 0.634745 0.310820 0.625672 0.306787 0.626680 0.304772 0.629369 0.303091 0.635081 0.305780 0.639784 0.314516 0.648858 0.316533 0.645497
1 0.331989 0.680780 0.333333 0.685484 0.344086 0.695564 0.348455 0.702956 0.357191 0.708333 0.356855 0.712702 0.361223 0.719086 0.375336 0.726814 0.386425 0.730847 0.397514 0.739247 0.415322 0.748992 0.421706 0.756720 0.437164 0.763441 0.447917 0.770161 0.450941 0.774194 0.457661 0.776881 0.462702 0.781586 0.485888 0.783938 0.521505 0.781922 0.529906 0.777553 0.532258 0.773186 0.536963 0.769153 0.541331 0.767809 0.544691 0.773858 0.548388 0.773858 0.578966 0.754705 0.586022 0.752016 0.585686 0.747984 0.593078 0.737903 0.593078 0.734206 0.587366 0.731855 0.575941 0.745631 0.560148 0.751680 0.552419 0.750000 0.532930 0.750336 0.529906 0.753023 0.521169 0.755041 0.514112 0.758400 0.501344 0.759409 0.490928 0.757728 0.475134 0.760753 0.463373 0.758736 0.455645 0.759409 0.451277 0.757728 0.446909 0.752352 0.439852 0.746977 0.424395 0.742272 0.419355 0.737567 0.402217 0.727486 0.396169 0.716398 0.386761 0.713373 0.384409 0.708669 0.377352 0.705309 0.373992 0.700605 0.367944 0.696909 0.362231 0.689516 0.351142 0.681787 0.349463 0.673388 0.347447 0.669691 0.339045 0.661291 0.329973 0.645497 0.326277 0.643145 0.323925 0.644489 0.321909 0.646505 0.322581 0.658266 0.328294 0.677755 0.331989 0.680780
1 0.590053 0.730847 0.590727 0.728159 0.584341 0.724127 0.579973 0.724127 0.574933 0.729167 0.574261 0.732862 0.576948 0.734880 0.588373 0.731855 0.590053 0.730847
1 0.447917 0.767473 0.450941 0.773858 0.459005 0.777217 0.462702 0.781250 0.466734 0.782930 0.492272 0.783602 0.521505 0.781586 0.527217 0.778898 0.536963 0.768145 0.539986 0.766466 0.542675 0.767809 0.544691 0.773858 0.548723 0.773186 0.552419 0.769153 0.560820 0.764784 0.562836 0.762097 0.583333 0.752016 0.591734 0.735552 0.584005 0.736895 0.577284 0.744959 0.560484 0.751680 0.559139 0.754705 0.555444 0.755041 0.552755 0.750336 0.536963 0.750336 0.508736 0.759072 0.502352 0.759745 0.489919 0.758064 0.467742 0.760753 0.465053 0.759409 0.454973 0.760417 0.449933 0.757728 0.447581 0.753697 0.439852 0.747312 0.435148 0.745631 0.431116 0.746639 0.424395 0.742944 0.418011 0.741600 0.418011 0.752352 0.420027 0.755041 0.427755 0.759745 0.447917 0.767473
1 0.390794 0.732191 0.393817 0.733870 0.395833 0.736895 0.400202 0.739919 0.402386 0.739919 0.410955 0.745295 0.413978 0.744287 0.413978 0.743280 0.417003 0.740255 0.396505 0.720430 0.393481 0.716398 0.390120 0.716734 0.388441 0.719422 0.387769 0.720766 0.389448 0.724463 0.389448 0.728495 0.390794 0.732191
1 0.593750 0.726142 0.599463 0.725470 0.607191 0.717742 0.608870 0.717070 0.612231 0.713037 0.612567 0.704973 0.611223 0.702620 0.605841 0.707470 0.605841 0.712889 0.598245 0.716327 0.597717 0.711237 0.596397 0.712030 0.595803 0.717647 0.594152 0.717317 0.593755 0.713153 0.588802 0.714475 0.587019 0.717714 0.585170 0.718639 0.588273 0.722406 0.592170 0.724322 0.593750 0.726142
1 0.596773 0.710014 0.596773 0.711022 0.598119 0.712702 0.599463 0.713037 0.600470 0.712030 0.602150 0.709005 0.602486 0.706989 0.603159 0.705981 0.603495 0.704638 0.602822 0.703630 0.601814 0.703294 0.600134 0.703294 0.599463 0.702956 0.596773 0.705309 0.596773 0.707661 0.596438 0.707997 0.596438 0.709678 0.596773 0.710014
1 0.618414 0.714852 0.623092 0.705167 0.622909 0.702506 0.625156 0.697411 0.623919 0.695116 0.620433 0.694566 0.619241 0.696172 0.618964 0.701313 0.615133 0.705588 0.612794 0.712517 0.611109 0.718647 0.609183 0.724825 0.608586 0.727672 0.609183 0.728359 0.618414 0.714852
1 0.610105 0.677097 0.609609 0.681984 0.606855 0.686156 0.603131 0.690461 0.603273 0.692445 0.606530 0.693897 0.606211 0.697511 0.608052 0.699211 0.610989 0.696767 0.610742 0.692977 0.612653 0.690816 0.616052 0.691277 0.618883 0.688053 0.619166 0.685573 0.616158 0.684369 0.613537 0.684581 0.616936 0.680780 0.618564 0.677841 0.618245 0.673200 0.617184 0.668134 0.614919 0.664486 0.613148 0.663741 0.609892 0.665052 0.609544 0.666667 0.609856 0.669834 0.609042 0.671959 0.610139 0.673306 0.610105 0.677097
1 0.614247 0.655242 0.615255 0.658266 0.619287 0.658266 0.620631 0.651209 0.623320 0.645833 0.629705 0.641802 0.629033 0.622088 0.630041 0.614247 0.627016 0.609880 0.623992 0.611223 0.620631 0.610552 0.619623 0.605847 0.615928 0.602822 0.614919 0.602486 0.613575 0.604839 0.613239 0.607862 0.617608 0.625000 0.617272 0.639784 0.614247 0.655242
1 0.621639 0.594758 0.622984 0.582325 0.618952 0.581653 0.616264 0.584341 0.615591 0.593414 0.616600 0.595766 0.619287 0.596438 0.621639 0.594758
1 0.622984 0.576277 0.623992 0.575269 0.625000 0.571236 0.624664 0.561828 0.626008 0.558803 0.629369 0.556452 0.631048 0.551747 0.633400 0.549059 0.633400 0.544019 0.635081 0.540659 0.629705 0.539986 0.621977 0.544355 0.621303 0.548388 0.615255 0.557795 0.614919 0.561156 0.615928 0.568213 0.618952 0.572581 0.622984 0.576277
1 0.633400 0.517809 0.636089 0.523017 0.635417 0.529570 0.638441 0.534611 0.639448 0.520161 0.638105 0.510081 0.638103 0.506727 0.636566 0.504675 0.633491 0.509878 0.630489 0.506506 0.627559 0.501817 0.626344 0.504705 0.624328 0.509409 0.625000 0.513441 0.631048 0.515456 0.633400 0.517809
1 0.632753 0.506452 0.634181 0.506378 0.635939 0.504875 0.636305 0.504289 0.637147 0.504655 0.637294 0.505352 0.638136 0.505278 0.638831 0.504436 0.640700 0.504069 0.641030 0.502017 0.640456 0.501008 0.641130 0.498320 0.640794 0.494287 0.640297 0.492561 0.638209 0.492561 0.637623 0.491719 0.636159 0.492195 0.634914 0.493111 0.634072 0.493280 0.633064 0.493616 0.632020 0.494467 0.631178 0.503189 0.632130 0.504986 0.632753 0.506452
1 0.623992 0.487231 0.627016 0.492272 0.630713 0.492272 0.632056 0.489583 0.633064 0.484880 0.633064 0.477822 0.632056 0.474463 0.629705 0.469758 0.627016 0.466398 0.622984 0.467406 0.620631 0.470766 0.619623 0.474463 0.620967 0.475806 0.622312 0.478495 0.623992 0.487231
1 0.614919 0.468750 0.617608 0.462366 0.618952 0.449261 0.615591 0.447245 0.611559 0.447581 0.608198 0.452284 0.607527 0.457997 0.608534 0.463037 0.611559 0.467070 0.614919 0.468750
2 0.450941 0.465389 0.452620 0.462030 0.474463 0.457997 0.478495 0.452956 0.482527 0.452620 0.486559 0.447581 0.493616 0.444220 0.504369 0.443548 0.510417 0.440861 0.514448 0.441197 0.522514 0.448589 0.527889 0.448589 0.536963 0.446236 0.542003 0.443213 0.543683 0.439516 0.543011 0.435148 0.546370 0.430444 0.556787 0.423723 0.557123 0.419691 0.554436 0.408602 0.540659 0.397514 0.530914 0.391466 0.525202 0.389784 0.510081 0.394825 0.506384 0.398186 0.496303 0.402553 0.486223 0.403227 0.484880 0.404234 0.482191 0.414314 0.480175 0.415995 0.480175 0.427755 0.475134 0.435148 0.469758 0.435148 0.467742 0.431452 0.464381 0.431452 0.460350 0.436156 0.452620 0.439180 0.449092 0.443548 0.446909 0.443548 0.439852 0.449597 0.436156 0.454973 0.435148 0.460014 0.430108 0.463037 0.430780 0.470094 0.435484 0.471102 0.437164 0.468078 0.450941 0.465389
0 0.248656 0.494287 0.252688 0.516802 0.257056 0.528562 0.261425 0.557123 0.265456 0.570564 0.262097 0.591398 0.264448 0.615255 0.282594 0.669691 0.303764 0.709005 0.310820 0.714717 0.314852 0.720430 0.321572 0.726142 0.328294 0.729503 0.329973 0.732191 0.348791 0.744623 0.352486 0.745631 0.357863 0.750672 0.382056 0.761425 0.384745 0.763777 0.419019 0.775202 0.424059 0.779570 0.450941 0.786291 0.457997 0.790995 0.475134 0.790659 0.481855 0.795027 0.498656 0.794691 0.507392 0.790995 0.527889 0.790659 0.531586 0.784947 0.536963 0.784611 0.545362 0.781250 0.556452 0.774530 0.570564 0.760417 0.584341 0.756048 0.587366 0.752352 0.595430 0.747312 0.621303 0.707661 0.627016 0.701612 0.630377 0.692541 0.635417 0.686156 0.638441 0.673388 0.653227 0.642473 0.656586 0.631048 0.653562 0.619623 0.653898 0.614919 0.647178 0.601478 0.643817 0.597447 0.641130 0.584005 0.640794 0.570228 0.643481 0.560484 0.650202 0.552419 0.659611 0.532930 0.660619 0.524530 0.665659 0.507392 0.666667 0.470430 0.663306 0.454973 0.658266 0.447581 0.657930 0.439180 0.652553 0.433131 0.645497 0.415659 0.636425 0.408602 0.634409 0.400202 0.630713 0.396169 0.611895 0.382728 0.602486 0.379369 0.592742 0.368280 0.580645 0.361559 0.572245 0.355175 0.563844 0.354503 0.560148 0.356855 0.526881 0.355175 0.513441 0.347447 0.492608 0.338709 0.489583 0.336022 0.482527 0.332997 0.465053 0.318884 0.457325 0.315523 0.449597 0.309139 0.439180 0.303764 0.435148 0.303764 0.426411 0.306787 0.411627 0.303428 0.383400 0.305780 0.376008 0.305108 0.369287 0.301411 0.358870 0.300067 0.341062 0.300067 0.325941 0.306452 0.317877 0.316869 0.313508 0.317877 0.307795 0.322245 0.275537 0.360552 0.270833 0.364583 0.262433 0.381384 0.259072 0.398858 0.256384 0.403898 0.254705 0.419691 0.247648 0.439516 0.247312 0.451612 0.249328 0.457325 0.247648 0.482191 0.248656 0.494287
