1 0.439516 0.584341 0.450941 0.591062 0.453630 0.596438 0.458669 0.599127 0.462702 0.602822 0.466062 0.601478 0.470094 0.602486 0.471102 0.603495 0.470766 0.607527 0.474463 0.610552 0.477822 0.609206 0.482191 0.609206 0.485888 0.612567 0.487903 0.611223 0.489583 0.603159 0.487567 0.600806 0.466398 0.589045 0.454638 0.576277 0.446909 0.574261 0.439516 0.568213 0.430780 0.565523 0.424395 0.560484 0.422044 0.560484 0.420698 0.564852 0.422716 0.572245 0.433803 0.577956 0.439516 0.584341
1 0.420362 0.615255 0.423388 0.618952 0.424059 0.626680 0.427755 0.630041 0.431787 0.629705 0.439852 0.632056 0.442205 0.634745 0.443213 0.640120 0.452284 0.641466 0.456989 0.649530 0.460350 0.653227 0.461358 0.658938 0.466062 0.661963 0.463373 0.665995 0.458669 0.666667 0.454973 0.662298 0.446909 0.661627 0.439516 0.655242 0.433131 0.656586 0.431787 0.657930 0.432123 0.668683 0.433803 0.671034 0.438844 0.673723 0.438844 0.677755 0.440861 0.681452 0.445228 0.684139 0.447245 0.688172 0.453294 0.690523 0.458333 0.697245 0.461022 0.698253 0.463037 0.698253 0.465389 0.696572 0.466734 0.688172 0.456653 0.678764 0.450605 0.677083 0.449597 0.673723 0.450941 0.672044 0.455309 0.671706 0.457661 0.674731 0.462702 0.677419 0.466062 0.676411 0.470430 0.676747 0.482191 0.679436 0.489583 0.683131 0.502352 0.681452 0.504369 0.677083 0.498992 0.671706 0.492272 0.669019 0.488911 0.666331 0.485216 0.660619 0.482862 0.654570 0.472111 0.642138 0.467406 0.630713 0.460350 0.625672 0.454973 0.618952 0.450941 0.617944 0.449261 0.616264 0.445564 0.607191 0.445228 0.603495 0.442877 0.599798 0.435820 0.594086 0.428091 0.590727 0.427755 0.590727 0.422044 0.597447 0.419691 0.606519 0.419355 0.611223 0.420362 0.615255
1 0.406922 0.653227 0.409947 0.662970 0.411963 0.664986 0.414314 0.664986 0.421706 0.661963 0.423388 0.657930 0.414314 0.642138 0.407258 0.638105 0.400202 0.636425 0.392809 0.629705 0.392473 0.629705 0.391466 0.630713 0.391466 0.635417 0.392809 0.638441 0.406922 0.653227
1 0.417675 0.672380 0.415995 0.667339 0.415659 0.667003 0.411963 0.668347 0.411963 0.673723 0.419355 0.673723 0.417675 0.672380
1 0.377352 0.611223 0.384506 0.619872 0.391591 0.626136 0.393659 0.629267 0.395727 0.629956 0.396505 0.627016 0.395677 0.618792 0.395247 0.614148 0.396223 0.611261 0.395052 0.609856 0.392709 0.610872 0.390717 0.608178 0.389508 0.607298 0.391186 0.606597 0.388687 0.603631 0.382753 0.603592 0.384392 0.602187 0.384002 0.599689 0.389156 0.599611 0.388219 0.597973 0.381816 0.596491 0.376680 0.596438 0.374664 0.599463 0.375000 0.603831 0.377352 0.611223
1 0.392338 0.603853 0.392364 0.605291 0.392691 0.606564 0.391795 0.606456 0.391930 0.607648 0.392137 0.608534 0.392473 0.608870 0.392880 0.609438 0.395891 0.609356 0.396841 0.608534 0.396297 0.607052 0.398142 0.606970 0.398250 0.605616 0.397111 0.605670 0.397003 0.602850 0.396813 0.602038 0.396169 0.601478 0.396270 0.601063 0.395483 0.600683 0.394263 0.600411 0.392809 0.600470 0.392473 0.600134 0.392137 0.601478 0.391802 0.601814 0.392283 0.602553 0.392338 0.603853
1 0.399147 0.612547 0.399147 0.613084 0.399194 0.613575 0.400303 0.613514 0.401431 0.614106 0.401861 0.614563 0.402991 0.614992 0.404147 0.615772 0.409039 0.617480 0.409953 0.616819 0.409792 0.615261 0.408905 0.614267 0.409577 0.613730 0.409389 0.613005 0.407238 0.612198 0.406136 0.610641 0.404173 0.609753 0.402991 0.608356 0.401620 0.608222 0.400491 0.608572 0.399764 0.609297 0.398770 0.609995 0.398528 0.611070 0.399255 0.611956 0.399147 0.612547
1 0.412572 0.602211 0.412880 0.605425 0.416405 0.604587 0.417286 0.603398 0.418608 0.602122 0.418959 0.598467 0.417947 0.596267 0.416889 0.593977 0.414906 0.593845 0.412970 0.595766 0.412219 0.598820 0.412572 0.602211
1 0.406250 0.605175 0.407231 0.606123 0.409302 0.606205 0.410187 0.606178 0.411048 0.605936 0.411694 0.606016 0.412044 0.605103 0.411370 0.604028 0.410484 0.603491 0.409409 0.603222 0.408870 0.602444 0.407984 0.602148 0.406559 0.602416 0.405564 0.602550 0.405356 0.603222 0.405303 0.604727 0.406250 0.605175
1 0.410659 0.610364 0.410794 0.611520 0.410794 0.612944 0.410900 0.615577 0.412809 0.617833 0.414019 0.617698 0.414234 0.617081 0.415094 0.616409 0.416627 0.616086 0.416869 0.614394 0.417970 0.614233 0.417997 0.613642 0.416358 0.611600 0.417648 0.610848 0.417675 0.609934 0.417298 0.608323 0.416545 0.607705 0.415659 0.607191 0.413911 0.607786 0.413400 0.608861 0.411600 0.609666 0.410659 0.610364
0 0.495967 0.368280 0.489919 0.369287 0.470430 0.378023 0.455645 0.380713 0.450269 0.383064 0.442541 0.383736 0.432123 0.388441 0.424395 0.390456 0.414986 0.395833 0.405578 0.407930 0.401209 0.419355 0.400537 0.423723 0.394153 0.431787 0.385081 0.453966 0.377016 0.464045 0.369623 0.481855 0.362231 0.494623 0.359880 0.502016 0.353495 0.510417 0.347111 0.524866 0.337702 0.540322 0.331317 0.559812 0.329637 0.573253 0.333669 0.592070 0.335686 0.610552 0.335350 0.621639 0.340389 0.639784 0.344086 0.646505 0.349798 0.653227 0.353831 0.662634 0.362231 0.672044 0.368616 0.689180 0.372984 0.692877 0.375672 0.697245 0.384409 0.703630 0.388105 0.704638 0.391466 0.707325 0.395833 0.708669 0.400537 0.711694 0.404570 0.712030 0.424731 0.718414 0.432123 0.718750 0.442541 0.721102 0.455309 0.721102 0.462366 0.722783 0.483198 0.723119 0.502352 0.727150 0.513777 0.727486 0.524530 0.729167 0.550739 0.728831 0.557459 0.727486 0.564516 0.729503 0.575941 0.730847 0.579973 0.732862 0.583669 0.732527 0.592070 0.729503 0.603831 0.727486 0.611559 0.724127 0.630713 0.719758 0.641130 0.713373 0.651209 0.704638 0.656250 0.701612 0.666331 0.690523 0.671706 0.686156 0.673388 0.681116 0.677419 0.675739 0.681452 0.667003 0.685148 0.655578 0.695564 0.634072 0.696572 0.626008 0.695564 0.615255 0.693213 0.607191 0.695564 0.597783 0.704302 0.576948 0.707661 0.565188 0.706317 0.547044 0.704302 0.537970 0.705981 0.527553 0.705645 0.522514 0.703294 0.513441 0.694220 0.490255 0.691533 0.467406 0.686492 0.455981 0.685484 0.450941 0.673723 0.423052 0.669691 0.416331 0.662298 0.406586 0.652889 0.398186 0.650202 0.393481 0.642138 0.387769 0.634745 0.380041 0.622648 0.372312 0.599127 0.363911 0.592070 0.359880 0.575941 0.357527 0.564180 0.357863 0.558467 0.356519 0.556284 0.356519 0.543683 0.357191 0.521505 0.362567 0.504033 0.364919 0.495967 0.368280
2 0.538306 0.489919 0.537298 0.490928 0.533266 0.490928 0.529234 0.497984 0.523858 0.504369 0.521169 0.509409 0.520161 0.516802 0.518481 0.519825 0.508400 0.526209 0.505713 0.529234 0.505713 0.540995 0.509409 0.548723 0.509745 0.552419 0.507392 0.562836 0.507728 0.572581 0.509745 0.577620 0.515456 0.578630 0.518481 0.577956 0.523186 0.569556 0.530242 0.562836 0.532594 0.558803 0.543347 0.554100 0.547380 0.554772 0.549059 0.556116 0.552083 0.560484 0.554436 0.568213 0.556787 0.570564 0.559477 0.572245 0.563844 0.571909 0.568884 0.567877 0.570564 0.564516 0.570564 0.552419 0.577284 0.547044 0.582325 0.545362 0.588709 0.540995 0.595094 0.532258 0.599798 0.530914 0.604503 0.524866 0.606855 0.522514 0.609880 0.521505 0.613239 0.517138 0.612567 0.512097 0.609880 0.508064 0.602822 0.507392 0.594086 0.509072 0.591398 0.514112 0.587702 0.513441 0.586022 0.517473 0.579973 0.522178 0.571909 0.522178 0.564516 0.518817 0.563172 0.517473 0.564180 0.513441 0.560484 0.513777 0.556116 0.509745 0.554436 0.501680 0.554436 0.493952 0.551411 0.489919 0.552419 0.486223 0.549395 0.485552 0.548723 0.482191 0.545027 0.481519 0.544355 0.481519 0.540322 0.482191 0.540322 0.486223 0.538978 0.487231 0.538306 0.489919
1 0.610752 0.580767 0.609364 0.579381 0.607817 0.579594 0.607072 0.581192 0.607872 0.583538 0.609098 0.585403 0.610538 0.583858 0.610752 0.580767
