1 0.630713 0.513105 0.615255 0.522514 0.610888 0.521169 0.607862 0.523186 0.599463 0.525202 0.597783 0.527217 0.591734 0.528898 0.587702 0.528898 0.579973 0.526545 0.567877 0.526209 0.555780 0.522514 0.545362 0.516466 0.536963 0.516130 0.532594 0.517473 0.522514 0.524866 0.516466 0.532594 0.515456 0.536963 0.517473 0.540995 0.521841 0.542003 0.531250 0.547716 0.537298 0.552419 0.544019 0.559812 0.544355 0.560484 0.541331 0.562836 0.535955 0.563508 0.535619 0.567541 0.540995 0.576612 0.548723 0.580645 0.552755 0.586358 0.564516 0.592742 0.575605 0.594086 0.585350 0.599463 0.590389 0.600134 0.594422 0.603831 0.602150 0.607527 0.608198 0.607862 0.615255 0.606183 0.617608 0.603495 0.614247 0.591734 0.614583 0.590053 0.618280 0.588709 0.627016 0.589381 0.629033 0.587366 0.630377 0.583669 0.624328 0.578966 0.611223 0.578294 0.609206 0.575605 0.602486 0.572917 0.601478 0.568213 0.603159 0.564180 0.602150 0.561828 0.599127 0.559477 0.598455 0.551747 0.593750 0.545027 0.593750 0.535619 0.595094 0.534273 0.599463 0.533266 0.601814 0.530914 0.606855 0.529570 0.611223 0.530578 0.622648 0.527553 0.624328 0.529234 0.627016 0.529570 0.633400 0.525202 0.639448 0.525202 0.642473 0.523522 0.644825 0.519825 0.647850 0.517473 0.647850 0.515120 0.645833 0.513441 0.650202 0.513441 0.650202 0.509072 0.648858 0.507392 0.645833 0.507392 0.642473 0.509409 0.638441 0.509409 0.634409 0.512097 0.630713 0.513105
1 0.621977 0.563172 0.633400 0.562500 0.634745 0.560484 0.633064 0.556452 0.627016 0.551075 0.619623 0.547716 0.617944 0.547716 0.614919 0.548388 0.613575 0.552755 0.618952 0.562164 0.621977 0.563172
1 0.638777 0.581653 0.642473 0.582661 0.644825 0.580645 0.644825 0.578630 0.642473 0.574597 0.638777 0.573589 0.638441 0.573589 0.634072 0.575269 0.634072 0.580981 0.634745 0.581989 0.638777 0.581653
1 0.638441 0.607862 0.646505 0.605847 0.648858 0.603495 0.649194 0.599127 0.646841 0.596438 0.642809 0.594758 0.642138 0.594758 0.639112 0.596102 0.636425 0.602822 0.636761 0.605847 0.638441 0.607862
1 0.622984 0.627352 0.634072 0.632728 0.637769 0.631720 0.642473 0.626680 0.643145 0.622312 0.638777 0.617608 0.629033 0.612903 0.626680 0.610216 0.623320 0.609880 0.620967 0.609880 0.618616 0.609880 0.615928 0.612567 0.615255 0.619959 0.622984 0.627352
1 0.606855 0.551747 0.610888 0.552419 0.611559 0.544355 0.610216 0.540995 0.608198 0.538306 0.604167 0.536291 0.602486 0.536291 0.601142 0.536963 0.600806 0.540995 0.603495 0.548723 0.606855 0.551747
1 0.609544 0.560148 0.609544 0.554772 0.608198 0.553428 0.607191 0.553428 0.605511 0.556452 0.605847 0.560148 0.606855 0.561156 0.609544 0.560148
0 0.473791 0.378697 0.466398 0.380713 0.453630 0.388441 0.440861 0.400202 0.427419 0.415995 0.421370 0.427083 0.417339 0.439516 0.409611 0.454973 0.404570 0.471438 0.394489 0.478495 0.389113 0.485888 0.380377 0.509409 0.379033 0.517138 0.376680 0.521169 0.374328 0.535955 0.376008 0.545027 0.377016 0.572245 0.381048 0.580645 0.385417 0.599463 0.389784 0.608534 0.392809 0.611895 0.401209 0.630713 0.406250 0.639448 0.420027 0.657930 0.423052 0.664986 0.431452 0.674059 0.434812 0.675739 0.439852 0.681116 0.445900 0.693884 0.449933 0.696572 0.455309 0.702956 0.460014 0.705645 0.466398 0.711358 0.478495 0.717742 0.485552 0.725806 0.490255 0.727822 0.508400 0.730511 0.545027 0.729503 0.554100 0.727150 0.560484 0.724127 0.568884 0.723119 0.577956 0.720094 0.596773 0.710014 0.607862 0.705645 0.631720 0.688844 0.639112 0.685820 0.651545 0.678428 0.658266 0.677083 0.673052 0.665322 0.679436 0.661963 0.691197 0.647514 0.697581 0.636425 0.703966 0.622984 0.706989 0.611559 0.707325 0.606519 0.710350 0.600134 0.711694 0.594422 0.723119 0.574933 0.728495 0.569220 0.736895 0.566869 0.746977 0.558467 0.751680 0.556452 0.755713 0.551411 0.760081 0.548052 0.764784 0.539650 0.765120 0.536627 0.759745 0.524866 0.756384 0.523858 0.747648 0.513441 0.731519 0.500672 0.728495 0.499328 0.717742 0.498992 0.700941 0.492272 0.692205 0.485552 0.688508 0.478159 0.688508 0.473791 0.684477 0.459005 0.680780 0.453294 0.673723 0.431116 0.667003 0.426747 0.661291 0.415322 0.654234 0.406922 0.651209 0.403898 0.641130 0.398186 0.636425 0.393817 0.630377 0.385081 0.625000 0.380713 0.607191 0.371303 0.595766 0.369287 0.585686 0.364919 0.575941 0.362231 0.567877 0.362567 0.562500 0.360216 0.558803 0.359880 0.552755 0.361223 0.548723 0.364247 0.535955 0.363911 0.525202 0.357863 0.520161 0.357191 0.518145 0.353495 0.516130 0.352486 0.513945 0.352486 0.508064 0.353159 0.497984 0.360216 0.488575 0.364583 0.473791 0.378697
1 0.544691 0.584005 0.544019 0.580309 0.540995 0.578630 0.540659 0.578630 0.532930 0.582325 0.532594 0.585350 0.540659 0.586022 0.544691 0.584005
2 0.657930 0.525873 0.660619 0.527217 0.674059 0.530914 0.677419 0.533266 0.685148 0.535619 0.688844 0.537970 0.716734 0.541667 0.720766 0.544691 0.724798 0.544019 0.728495 0.546706 0.732191 0.547716 0.736895 0.547044 0.738575 0.548723 0.743952 0.550403 0.749664 0.550403 0.751680 0.549395 0.755713 0.551747 0.757392 0.549059 0.759745 0.548388 0.760417 0.540659 0.759072 0.540995 0.758064 0.545027 0.756384 0.546706 0.740591 0.546034 0.739247 0.544691 0.740591 0.540659 0.736895 0.538642 0.735216 0.533266 0.735552 0.528898 0.732862 0.523858 0.724127 0.524530 0.720766 0.522850 0.716062 0.522850 0.713037 0.521505 0.704638 0.521505 0.700605 0.522850 0.690188 0.518817 0.684477 0.515456 0.673388 0.513105 0.667003 0.509072 0.658266 0.506384 0.657258 0.506384 0.652889 0.510081 0.649530 0.517473 0.651209 0.518145 0.657930 0.525873
2 0.743952 0.530578 0.747312 0.527889 0.751680 0.529570 0.753023 0.527889 0.756384 0.526881 0.759745 0.531586 0.760417 0.528898 0.759409 0.525202 0.757056 0.524866 0.751680 0.517138 0.750000 0.516802 0.747312 0.513441 0.740591 0.509409 0.739919 0.509409 0.737903 0.516802 0.735216 0.521841 0.738911 0.523186 0.743952 0.530578
2 0.610888 0.463037 0.614583 0.466734 0.615591 0.470094 0.630713 0.482862 0.640120 0.480511 0.641802 0.478495 0.642138 0.474463 0.635417 0.465727 0.623992 0.456653 0.618952 0.450941 0.615255 0.448925 0.612567 0.448925 0.607191 0.449261 0.605511 0.450941 0.605847 0.454638 0.610888 0.463037
