1 0.349463 0.563508 0.353495 0.566869 0.357191 0.567205 0.358534 0.565188 0.360887 0.564180 0.372648 0.564516 0.379705 0.566869 0.384745 0.567205 0.392473 0.572245 0.397850 0.573253 0.404906 0.572581 0.411963 0.568548 0.415995 0.568548 0.428764 0.573925 0.432123 0.572581 0.435484 0.569220 0.447245 0.574933 0.451277 0.574933 0.462702 0.581317 0.466734 0.581317 0.470430 0.579302 0.483534 0.579973 0.488575 0.590053 0.493952 0.592742 0.497984 0.592406 0.502016 0.597447 0.505713 0.598119 0.509409 0.601142 0.521169 0.598455 0.525537 0.599463 0.528898 0.595766 0.528562 0.592070 0.527217 0.590727 0.521505 0.586694 0.517473 0.586022 0.513441 0.581317 0.498320 0.576948 0.489919 0.571909 0.482191 0.571572 0.478495 0.568213 0.474127 0.567541 0.469758 0.568884 0.466062 0.567877 0.460350 0.563172 0.454973 0.561156 0.450941 0.561156 0.443548 0.556452 0.435148 0.555780 0.427419 0.559812 0.417675 0.554436 0.404570 0.551075 0.392473 0.553428 0.381720 0.549059 0.376680 0.549059 0.368616 0.553091 0.361223 0.548388 0.346438 0.548723 0.341734 0.547716 0.339717 0.547716 0.337030 0.548052 0.332661 0.552755 0.334005 0.559812 0.349463 0.563508
1 0.360216 0.463037 0.369287 0.463373 0.372984 0.466062 0.378361 0.467406 0.388441 0.473119 0.396841 0.474127 0.402553 0.476814 0.408938 0.482862 0.422380 0.488575 0.427419 0.492608 0.431452 0.497984 0.437164 0.500000 0.443213 0.504705 0.447581 0.504369 0.452284 0.501680 0.452956 0.497312 0.451612 0.493280 0.444556 0.482191 0.439180 0.477150 0.435484 0.476478 0.426747 0.466062 0.414314 0.458669 0.411291 0.457997 0.407930 0.460014 0.401545 0.457325 0.388441 0.456317 0.380041 0.456989 0.377016 0.455981 0.373320 0.451277 0.364247 0.450269 0.361223 0.450269 0.358534 0.451948 0.357527 0.454302 0.357863 0.458333 0.360216 0.463037
2 0.383039 0.493939 0.383064 0.497312 0.382392 0.511425 0.384409 0.522850 0.386425 0.524866 0.386761 0.528562 0.388777 0.529906 0.390120 0.532930 0.389784 0.540995 0.391130 0.546706 0.394489 0.549395 0.404570 0.549059 0.407594 0.550739 0.415995 0.551747 0.419019 0.548723 0.420263 0.546394 0.421034 0.540995 0.422416 0.539553 0.422716 0.535283 0.423052 0.530242 0.426075 0.521505 0.427227 0.515858 0.432123 0.497984 0.427419 0.491936 0.421706 0.487903 0.417003 0.486223 0.414986 0.483870 0.411627 0.483198 0.407594 0.480511 0.402217 0.474798 0.400202 0.473791 0.393817 0.473791 0.391802 0.473791 0.388441 0.477150 0.389113 0.482191 0.384072 0.489583 0.383039 0.493939
2 0.415322 0.452284 0.413628 0.455319 0.414019 0.458316 0.421059 0.462484 0.424395 0.465053 0.428428 0.467070 0.430367 0.469716 0.431736 0.471344 0.432961 0.470041 0.433131 0.466062 0.436492 0.460350 0.439341 0.458836 0.439852 0.455309 0.441869 0.452284 0.442877 0.448253 0.442205 0.443548 0.439516 0.440523 0.437500 0.440523 0.431116 0.441869 0.423388 0.445900 0.419355 0.450269 0.415322 0.452284
2 0.482862 0.521841 0.486223 0.522178 0.489583 0.519825 0.491264 0.519825 0.492608 0.521169 0.491264 0.525202 0.493952 0.528898 0.502016 0.529234 0.503361 0.525202 0.501680 0.521169 0.497984 0.517473 0.493952 0.516802 0.490255 0.511761 0.486559 0.511089 0.486223 0.510753 0.480511 0.513777 0.479839 0.517809 0.481183 0.520497 0.482862 0.521841
1 0.564516 0.519825 0.567541 0.521841 0.572581 0.520497 0.574261 0.517473 0.573589 0.509409 0.571236 0.507056 0.569389 0.507056 0.564180 0.508064 0.562500 0.510753 0.563508 0.517809 0.564516 0.519825
1 0.545027 0.591734 0.542339 0.595766 0.544355 0.600470 0.549395 0.600806 0.552083 0.599127 0.552419 0.596102 0.550403 0.579973 0.548388 0.574597 0.545027 0.571236 0.544691 0.570900 0.540995 0.572245 0.539650 0.575605 0.544691 0.584341 0.545027 0.591734
2 0.587922 0.535134 0.587702 0.528898 0.584678 0.528227 0.584005 0.528227 0.582661 0.532930 0.583669 0.538306 0.587702 0.538978 0.587922 0.535134
2 0.532594 0.544691 0.529234 0.540322 0.528562 0.540322 0.527217 0.540995 0.527553 0.544691 0.529906 0.546706 0.532594 0.544691
0 0.332997 0.348791 0.318213 0.357191 0.315861 0.361223 0.310820 0.366264 0.299395 0.375336 0.276545 0.388777 0.275202 0.392473 0.265794 0.406586 0.259745 0.411963 0.257392 0.419019 0.246977 0.432123 0.243616 0.441869 0.241936 0.454973 0.240255 0.460014 0.236895 0.458333 0.231183 0.458333 0.222111 0.463037 0.222111 0.466734 0.228831 0.474463 0.231519 0.475470 0.234880 0.478831 0.237903 0.485552 0.234206 0.508736 0.233870 0.526209 0.239247 0.548388 0.241264 0.566197 0.243616 0.571909 0.244959 0.579302 0.247984 0.585014 0.255041 0.592742 0.259409 0.594758 0.269825 0.596438 0.278227 0.600134 0.290659 0.603495 0.326948 0.621977 0.330309 0.625672 0.337366 0.629369 0.345766 0.638105 0.371977 0.654906 0.389113 0.673388 0.394153 0.675739 0.407930 0.686492 0.411963 0.688508 0.416331 0.688172 0.427083 0.691869 0.453966 0.695228 0.470766 0.694556 0.485216 0.696572 0.507392 0.695900 0.537970 0.690188 0.548723 0.685820 0.556452 0.680444 0.580981 0.658602 0.600806 0.645497 0.618952 0.630377 0.625672 0.627016 0.636425 0.616936 0.648186 0.603495 0.651209 0.592406 0.651545 0.582661 0.656922 0.564852 0.657930 0.552083 0.662298 0.540659 0.665995 0.510417 0.664986 0.474463 0.663978 0.469422 0.659947 0.463037 0.659947 0.446572 0.657258 0.432123 0.653562 0.423723 0.650202 0.411963 0.642473 0.394825 0.638441 0.388777 0.618616 0.372648 0.607527 0.366600 0.602822 0.365928 0.593078 0.362231 0.579973 0.354167 0.569220 0.350806 0.560148 0.350470 0.555780 0.347783 0.540322 0.342742 0.525873 0.340727 0.518145 0.337366 0.513441 0.336694 0.505041 0.332661 0.487231 0.329637 0.476142 0.329637 0.470430 0.327956 0.466062 0.328630 0.462702 0.327620 0.451277 0.331989 0.447245 0.331653 0.442877 0.329973 0.435484 0.323925 0.419355 0.321572 0.417423 0.321572 0.392473 0.323589 0.353159 0.336022 0.340053 0.341734 0.332997 0.348791
