1 0.548052 0.425067 0.556116 0.432459 0.562164 0.435484 0.575941 0.437164 0.577956 0.431452 0.575941 0.426747 0.571572 0.424395 0.570564 0.420027 0.566533 0.413978 0.560148 0.409947 0.549395 0.406922 0.548388 0.406922 0.544355 0.408266 0.542675 0.411627 0.542675 0.415995 0.548052 0.425067
1 0.521505 0.411291 0.530578 0.411627 0.536291 0.409611 0.536291 0.404234 0.532930 0.398858 0.514112 0.393145 0.512097 0.393145 0.509072 0.395833 0.509409 0.404234 0.514448 0.405914 0.521505 0.411291
1 0.406922 0.377688 0.410955 0.380713 0.418683 0.382728 0.423723 0.382392 0.431452 0.387097 0.433467 0.384745 0.434139 0.380713 0.425739 0.374664 0.415659 0.370631 0.411963 0.365928 0.410955 0.365928 0.407930 0.366264 0.403898 0.368616 0.402553 0.376680 0.406922 0.377688
1 0.448253 0.387097 0.450941 0.388441 0.459341 0.386425 0.466734 0.393817 0.470766 0.391466 0.471773 0.389448 0.471438 0.384409 0.472447 0.380377 0.475134 0.377688 0.474798 0.375672 0.465053 0.372984 0.455309 0.371977 0.454973 0.371639 0.450941 0.372984 0.448589 0.376344 0.447581 0.383064 0.448253 0.387097
1 0.484206 0.392473 0.485552 0.397178 0.490255 0.398858 0.493952 0.401545 0.498320 0.402217 0.501680 0.400873 0.503361 0.398186 0.507728 0.395497 0.510081 0.392473 0.505713 0.388105 0.497648 0.388105 0.486223 0.381720 0.482527 0.377688 0.475809 0.374653 0.475353 0.377320 0.474897 0.377702 0.473791 0.379705 0.476814 0.384745 0.484206 0.392473
1 0.586358 0.454973 0.587702 0.457997 0.591734 0.460350 0.602486 0.461358 0.615591 0.458669 0.617608 0.456317 0.619623 0.446572 0.614919 0.445228 0.609206 0.441533 0.605511 0.435484 0.599798 0.432123 0.598791 0.432123 0.592742 0.435484 0.591062 0.443213 0.586694 0.452620 0.586358 0.454973
1 0.622984 0.474127 0.641802 0.483534 0.643145 0.483198 0.646169 0.479167 0.651881 0.482527 0.655578 0.482527 0.655578 0.470430 0.654234 0.469086 0.642809 0.465727 0.641130 0.463373 0.640794 0.459005 0.631720 0.454638 0.629705 0.454638 0.621977 0.455309 0.618952 0.458333 0.619287 0.466398 0.622984 0.474127
1 0.253697 0.712702 0.263777 0.723119 0.275537 0.729167 0.279906 0.730175 0.284611 0.733534 0.290322 0.740255 0.294355 0.741600 0.306116 0.740928 0.314180 0.734544 0.322581 0.735552 0.334005 0.738575 0.341734 0.736559 0.345430 0.733198 0.357191 0.733198 0.364583 0.728495 0.371639 0.731519 0.376680 0.729839 0.385417 0.730847 0.391802 0.728495 0.395497 0.725470 0.403562 0.723791 0.407594 0.725134 0.429100 0.724463 0.439516 0.720430 0.443884 0.720430 0.450269 0.718414 0.454638 0.718750 0.459341 0.716734 0.461022 0.713037 0.460014 0.710686 0.453966 0.708333 0.439516 0.711694 0.434139 0.714381 0.427419 0.715389 0.415322 0.715727 0.404234 0.714717 0.400202 0.715727 0.395497 0.714381 0.388441 0.716398 0.372984 0.712702 0.363911 0.712702 0.358534 0.715053 0.352150 0.715389 0.346102 0.717406 0.336358 0.718750 0.317877 0.715727 0.314516 0.714045 0.301075 0.713709 0.295027 0.714381 0.290995 0.718414 0.286291 0.709005 0.281250 0.705981 0.268817 0.693213 0.263441 0.690861 0.263105 0.690861 0.255713 0.691869 0.251680 0.696909 0.252016 0.707661 0.253697 0.712702
1 0.484880 0.716734 0.490928 0.713037 0.491600 0.710686 0.494623 0.709005 0.482527 0.708333 0.474798 0.706317 0.472783 0.706317 0.469758 0.706653 0.467406 0.708669 0.469758 0.716734 0.484880 0.716734
1 0.549395 0.691533 0.552755 0.692205 0.560148 0.689516 0.564516 0.689180 0.572581 0.685484 0.571909 0.684139 0.568213 0.683467 0.566308 0.683467 0.550403 0.685484 0.548723 0.687164 0.548052 0.689852 0.549395 0.691533
1 0.587366 0.671370 0.581653 0.673723 0.579302 0.677755 0.583669 0.680108 0.588037 0.678764 0.594422 0.674059 0.611895 0.669691 0.618952 0.665995 0.622984 0.665322 0.627016 0.661963 0.626680 0.660619 0.624664 0.660619 0.617944 0.661963 0.616264 0.663642 0.606183 0.667003 0.587366 0.671370
1 0.553428 0.686828 0.552083 0.686828 0.550067 0.689180 0.551747 0.690861 0.555780 0.689180 0.553428 0.686828
1 0.665659 0.648522 0.657930 0.650537 0.647850 0.651545 0.646169 0.652889 0.645833 0.654906 0.648186 0.657930 0.660619 0.657930 0.668011 0.654234 0.669691 0.651545 0.677755 0.650537 0.680108 0.649194 0.683803 0.646169 0.685148 0.643145 0.689852 0.643481 0.693213 0.642473 0.695564 0.640120 0.708669 0.633064 0.711358 0.630713 0.711358 0.628361 0.710014 0.627688 0.709005 0.627688 0.688172 0.636761 0.684139 0.641130 0.673723 0.642473 0.665659 0.648522
1 0.732191 0.625000 0.736559 0.625672 0.744287 0.618952 0.743280 0.617272 0.739919 0.616600 0.739583 0.616600 0.736223 0.616936 0.731855 0.619287 0.731183 0.622984 0.732191 0.625000
2 0.341734 0.554772 0.337702 0.551747 0.334341 0.554100 0.329973 0.552755 0.321909 0.560148 0.321236 0.568213 0.322245 0.569220 0.330309 0.569556 0.333669 0.568213 0.338709 0.561156 0.353495 0.557795 0.355847 0.556452 0.359880 0.552755 0.361223 0.549731 0.365255 0.551075 0.373656 0.556787 0.380713 0.558803 0.385081 0.561828 0.390794 0.568213 0.389448 0.585686 0.381048 0.611223 0.379033 0.622984 0.372984 0.638105 0.367944 0.648858 0.364919 0.652217 0.359206 0.665659 0.359880 0.670027 0.362903 0.677083 0.362903 0.681452 0.367944 0.687164 0.371303 0.689180 0.373656 0.689852 0.377016 0.688844 0.381384 0.690861 0.387769 0.699597 0.390794 0.701612 0.394319 0.710070 0.398227 0.712259 0.403184 0.714314 0.406298 0.714845 0.414647 0.715109 0.421736 0.715442 0.425645 0.715242 0.435484 0.714045 0.439417 0.711514 0.447245 0.709005 0.450681 0.708664 0.453331 0.707867 0.456777 0.709459 0.457969 0.704819 0.456989 0.698253 0.456653 0.687836 0.454973 0.681787 0.450941 0.681452 0.445228 0.687836 0.440188 0.689180 0.434477 0.688508 0.431116 0.689516 0.428428 0.688508 0.407258 0.686828 0.400202 0.689516 0.399530 0.686828 0.396505 0.684812 0.396169 0.681116 0.393481 0.676411 0.386761 0.672380 0.384745 0.670027 0.386425 0.665995 0.386425 0.661627 0.388105 0.659273 0.388105 0.656922 0.387433 0.655914 0.387097 0.649194 0.388105 0.646169 0.388536 0.644161 0.389113 0.641802 0.387097 0.638441 0.393817 0.633400 0.397850 0.628023 0.402553 0.618616 0.404570 0.609544 0.404234 0.602150 0.402217 0.596102 0.398858 0.591398 0.399530 0.587702 0.404906 0.577620 0.407930 0.568884 0.407594 0.561828 0.403898 0.550739 0.398186 0.545362 0.392137 0.543011 0.385417 0.538642 0.383400 0.538642 0.374328 0.540322 0.356855 0.541331 0.352486 0.543347 0.341734 0.554772
2 0.466398 0.453630 0.461694 0.454973 0.457661 0.457997 0.454973 0.458333 0.452284 0.462702 0.451612 0.466734 0.441533 0.476142 0.438508 0.480847 0.439180 0.490255 0.442877 0.491600 0.447581 0.491264 0.456317 0.483534 0.459005 0.479503 0.464381 0.477486 0.470766 0.472111 0.475134 0.472447 0.478495 0.474127 0.482527 0.472783 0.486223 0.475470 0.490255 0.474127 0.490255 0.478159 0.493952 0.478159 0.498656 0.480847 0.499328 0.482191 0.498320 0.486559 0.500000 0.489919 0.499328 0.497984 0.495631 0.501680 0.496639 0.505713 0.495631 0.511425 0.493952 0.513105 0.494959 0.515794 0.495295 0.525202 0.493952 0.528562 0.492944 0.538306 0.494287 0.540995 0.493616 0.545027 0.494623 0.548723 0.491936 0.554100 0.490591 0.560484 0.488239 0.564180 0.488239 0.572245 0.490255 0.579973 0.493616 0.588373 0.497648 0.594422 0.502352 0.594758 0.510753 0.603159 0.513777 0.608198 0.517138 0.608198 0.519825 0.611223 0.525202 0.612231 0.529234 0.616600 0.540995 0.617272 0.548723 0.621303 0.551747 0.616600 0.554100 0.614919 0.553091 0.611223 0.548052 0.608198 0.545362 0.603495 0.536627 0.593750 0.532930 0.592406 0.529234 0.589045 0.525537 0.588037 0.520833 0.584005 0.521505 0.579638 0.516466 0.572245 0.516466 0.563508 0.519153 0.558131 0.521169 0.556452 0.520161 0.552419 0.522514 0.549059 0.523522 0.534273 0.526209 0.529234 0.527553 0.516802 0.526209 0.508400 0.527889 0.500672 0.526545 0.486559 0.525537 0.480847 0.522178 0.474798 0.522178 0.470430 0.519489 0.466734 0.517473 0.458333 0.512769 0.454638 0.511425 0.451277 0.502352 0.441869 0.498320 0.440861 0.496544 0.440861 0.485888 0.440861 0.482862 0.441869 0.474463 0.449261 0.466398 0.453630
0 0.495631 0.276545 0.471102 0.280914 0.450269 0.287970 0.443884 0.288978 0.434477 0.293011 0.423388 0.295027 0.403898 0.304100 0.395497 0.306452 0.382728 0.313844 0.368616 0.318213 0.365255 0.320228 0.360887 0.320564 0.346102 0.327284 0.341062 0.332325 0.334341 0.336694 0.325941 0.340053 0.323925 0.342070 0.315188 0.353159 0.308803 0.364583 0.259409 0.416667 0.255377 0.425739 0.248320 0.433131 0.246303 0.442877 0.240928 0.450941 0.234544 0.465053 0.229503 0.485552 0.230847 0.510081 0.228831 0.532594 0.225134 0.541667 0.225806 0.548723 0.222447 0.555444 0.217070 0.560484 0.214045 0.566533 0.204973 0.576948 0.199597 0.585686 0.198589 0.588037 0.198589 0.596102 0.197245 0.599463 0.188172 0.607527 0.185820 0.611559 0.183467 0.621639 0.184139 0.627016 0.181452 0.638105 0.181452 0.643145 0.177419 0.665322 0.177083 0.679100 0.178091 0.691869 0.180108 0.701277 0.188508 0.719086 0.189516 0.724127 0.198589 0.744287 0.198925 0.747312 0.207325 0.763441 0.212702 0.771505 0.228495 0.789650 0.241264 0.797044 0.255377 0.810820 0.259745 0.812836 0.263441 0.813172 0.267809 0.816197 0.294691 0.817877 0.298723 0.819892 0.310148 0.821236 0.314180 0.824261 0.324597 0.825941 0.335686 0.825941 0.365255 0.822581 0.376344 0.819220 0.380713 0.818884 0.387097 0.815861 0.392473 0.815523 0.403898 0.810820 0.415995 0.808467 0.428091 0.802419 0.439180 0.790659 0.444892 0.788642 0.449597 0.784947 0.459005 0.780578 0.463709 0.779570 0.470430 0.779906 0.478159 0.776209 0.490255 0.775537 0.497984 0.772850 0.509745 0.771505 0.513441 0.769825 0.517473 0.770833 0.521169 0.769825 0.525202 0.767138 0.537298 0.764448 0.555108 0.756048 0.558467 0.752688 0.564180 0.751344 0.578630 0.742608 0.585686 0.740255 0.588037 0.737231 0.593414 0.735888 0.599463 0.736559 0.607191 0.732191 0.609880 0.729167 0.618952 0.724463 0.623992 0.720766 0.625000 0.718414 0.628697 0.715389 0.646505 0.706317 0.653562 0.699933 0.663978 0.692877 0.669019 0.683467 0.677755 0.679772 0.691533 0.670027 0.713373 0.649530 0.722447 0.638777 0.729839 0.634072 0.733198 0.627688 0.740255 0.622984 0.741936 0.618952 0.745967 0.615255 0.746977 0.604167 0.751680 0.590727 0.757056 0.583669 0.760753 0.575941 0.766466 0.568884 0.771505 0.556116 0.775537 0.550739 0.779234 0.549731 0.781250 0.547044 0.784611 0.536963 0.786291 0.504369 0.782594 0.485552 0.776545 0.474463 0.775202 0.466734 0.771169 0.460014 0.761425 0.450605 0.755041 0.438172 0.751008 0.423723 0.735888 0.398522 0.733198 0.391802 0.729167 0.385417 0.724463 0.372312 0.718078 0.364919 0.716398 0.358534 0.709005 0.343750 0.705981 0.340727 0.693213 0.320900 0.688844 0.317205 0.685484 0.311828 0.675739 0.305444 0.664986 0.294691 0.653227 0.288978 0.639784 0.279234 0.634745 0.278898 0.614919 0.272178 0.599127 0.269489 0.591398 0.267137 0.579638 0.265120 0.558803 0.264448 0.556956 0.264448 0.540995 0.265456 0.533266 0.267809 0.521505 0.269153 0.495631 0.276545
